300 300 10 5000 400
10
100 200 50 30 400 90 140 80 300 150
10
267 47
15 24 34 39 16 6 4 18 25 2
289 250
26 21 13 33 38 38 19 18 18 35
108 81
15 31 7 13 37 28 29 16 29 1
230 160
34 33 13 38 18 27 33 16 27 7
94 248
40 7 38 5 37 37 32 2 0 39
53 137
33 8 27 38 8 12 30 17 8 7
158 68
37 28 26 20 16 25 8 20 27 7
108 196
10 14 5 12 0 22 13 10 3 37
123 179
24 29 20 9 8 35 19 24 38 6
38 259
16 25 23 3 16 31 31 36 5 2
200
187 290
3
9 8 5
209 64
5
6 2 5 5 5
208 103
2
6 1
276 255
2
2 5
27 53
1
0
13 152
6
4 5 2 4 3 1
40 194
6
4 5 3 6 1 1
280 40
5
8 1 5 3 9
202 222
7
8 5 3 1 8 1 6
95 286
7
3 0 0 3 8 3 7
17 61
1
3
60 214
7
7 9 8 7 7 6 4
94 220
5
2 7 2 2 7
75 116
5
0 0 0 5 1
101 275
6
0 0 6 2 7 4
59 163
5
6 5 3 2 8
33 96
5
9 1 7 5 2
144 119
2
1 0
154 76
7
7 3 5 1 6 2 0
300 202
5
4 6 6 5 7
18 131
4
9 4 3 7
192 119
6
5 8 0 4 8 0
259 113
7
7 1 3 6 1 7 7
41 111
1
7
155 38
7
5 3 0 9 2 1 8
98 268
3
8 2 4
246 24
2
3 6
169 186
4
4 0 4 4
265 220
7
5 2 9 4 0 1 4
91 280
3
0 3 0
20 94
2
1 5
18 55
1
6
260 246
7
6 7 4 7 5 2 7
164 230
2
3 3
79 179
1
6
187 71
6
2 5 8 7 4 8
115 154
5
2 8 4 7 0
25 64
6
7 9 1 9 1 0
108 240
4
6 9 7 3
214 276
3
7 0 8
45 252
4
0 2 9 3
255 38
6
4 3 7 5 3 6
218 292
1
8
85 197
1
9
2 135
5
6 4 6 6 7
139 63
5
6 2 1 0 8
272 50
5
0 2 0 3 1
276 89
7
8 3 7 5 6 2 6
189 59
3
5 8 5
217 67
3
9 3 4
136 258
2
3 9
127 282
4
5 2 9 9
46 65
4
3 4 3 6
296 282
5
0 9 5 8 4
17 117
7
1 5 2 0 1 3 3
140 112
7
1 1 4 1 0 8 8
293 17
5
7 7 1 4 9
11 218
2
5 9
47 220
2
3 2
128 5
1
8
284 291
4
4 3 6 6
197 281
5
3 9 5 9 3
174 153
6
5 5 6 5 8 1
171 33
1
4
294 23
3
6 8 7
282 10
7
0 8 2 7 4 6 8
148 30
1
7
218 151
6
3 5 9 5 3 0
84 266
7
2 6 3 1 6 8 6
44 12
2
4 0
78 89
6
4 2 9 5 5 3
249 107
3
0 7 7
82 269
6
1 1 4 5 0 1
289 287
4
7 3 7 6
118 54
3
6 8 9
106 24
4
7 3 6 1
38 55
2
0 7
42 254
2
1 9
3 46
3
7 2 7
198 234
3
5 3 1
265 63
3
1 6 9
248 267
3
5 0 2
55 264
3
5 7 6
272 253
6
4 0 3 3 5 9
173 246
2
3 8
196 47
4
7 2 6 5
244 114
3
9 6 0
168 157
6
4 6 3 5 7 1
250 106
3
0 0 6
201 167
2
6 2
267 76
7
1 7 6 5 7 8 1
216 79
2
3 1
202 189
4
2 3 7 4
283 184
1
9
249 80
1
4
133 189
4
9 8 0 2
16 254
3
5 8 8
275 162
3
5 2 9
55 238
1
7
238 243
1
6
234 282
5
0 2 5 1 2
170 284
6
0 9 9 2 7 7
265 196
3
9 3 5
81 231
7
0 5 4 7 3 6 1
97 260
5
8 3 1 6 1
220 30
1
6
132 35
2
6 1
158 72
2
3 3
22 225
7
2 3 0 7 6 8 7
50 217
3
5 7 8
210 50
4
1 5 6 2
57 158
7
0 8 0 6 6 8 3
267 135
6
2 4 1 2 6 2
276 21
7
9 9 7 7 4 9 6
83 58
3
9 4 6
83 43
5
2 5 6 2 4
231 169
5
5 5 0 5 1
129 256
6
6 1 7 9 9 2
215 76
3
0 3 5
174 103
5
5 5 3 8 1
82 269
1
5
73 255
5
8 6 6 2 9
114 276
1
7
67 237
1
6
165 19
3
4 4 4
153 298
2
3 6
182 197
6
2 9 7 1 5 3
224 167
1
5
139 254
1
2
88 211
1
6
293 34
3
5 6 0
282 176
4
9 3 5 7
166 94
1
7
14 191
1
9
210 236
7
5 8 4 1 7 4 3
282 134
6
1 2 0 4 7 9
140 275
3
3 8 3
280 187
3
9 4 2
22 79
7
8 5 5 1 1 9 0
253 231
2
8 5
119 288
1
5
119 230
6
8 1 9 2 1 3
3 264
1
6
241 127
1
2
29 89
6
8 5 7 7 8 0
33 37
5
4 3 9 0 2
258 139
4
1 7 1 4
298 287
7
5 6 3 6 8 7 8
233 193
7
2 7 8 8 2 6 0
127 69
7
0 8 1 5 5 8 0
122 2
4
9 1 8 6
143 114
4
7 8 4 2
218 105
7
8 0 1 4 5 5 4
233 175
3
7 4 6
90 15
4
6 3 9 2
281 217
4
6 0 1 7
158 141
1
6
53 16
3
1 8 1
175 134
6
3 7 3 3 2 0
69 94
5
1 6 4 5 6
96 17
2
1 6
135 177
4
8 1 1 5
58 159
7
8 5 1 5 0 2 4
170 219
1
0
288 148
2
1 9
290 137
2
5 6
1 187
6
0 7 0 2 9 1
114 5
3
9 1 0
170 87
4
9 0 1 4
99 237
5
7 1 8 5 0
163 170
2
8 2
224 277
6
8 0 4 7 3 7
248 7
6
6 4 7 2 1 9
225 100
6
6 2 0 7 1 3
78 180
3
9 9 1
83 40
3
4 6 4
286 81
6
2 4 4 4 7 2
5 116
4
9 6 4 0
148 29
4
2 2 1 0
185 157
3
8 7 1
103 26
3
1 5 2
129 183
4
6 2 7 0
72 101
1
3
107 180
5
9 9 7 8 8
236 227
7
4 8 0 3 7 7 6
178 149
7
3 9 6 5 9 1 1
87 5
1
6
127 245
1
5
83 73
2
9 9
5 228
3
3 3 5
89 6
7
8 0 4 1 6 8 9
21 98
6
9 0 9 9 9 3
266 208
6
4 9 5 1 1 2
121 39
3
7 4 8
147 292
4
6 3 4 9
157 144
5
4 4 0 4 9
89 210
1
5
234 63
7
0 5 9 8 3 4 1
214 258
7
3 1 0 5 4 5 3
255 14
3
0 1 4
